C                  0.6234431       0.4460898      -0.0000154
C                  0.6163428       0.5263904      -0.0000105
C                  0.5651861       0.5936298       0.1480999
C                  0.4881311       0.6277570       0.0000220
C                  0.4082820       0.6023869       0.0000177
C                  0.3611355       0.5324738      -0.0000071
C                  0.3615834       0.4480771      -0.0000029
C                  0.4068949       0.3766118      -0.0000091
C                  0.4813159       0.3362465      -0.0000032
C                  0.5661251       0.3357145       0.0000206
C                  0.6427864       0.3721370      -0.0000036
C                  0.6915239       0.4411766       0.1480813
C                  0.6921317       0.5256463       0.1480433
C                  0.6533092       0.6013065      -0.0000038
C                  0.5918544       0.6602989       0.0000354
C                  0.5195843       0.7032485       0.0000079
C                  0.6328685       0.4737877      -0.0000162
C                  0.6020925       0.5506999      -0.0000008
C                  0.5420803       0.6103235       0.1480920
C                  0.4597017       0.6260542       0.0000241
C                  0.3878649       0.5825223       0.0000126
C                  0.3557086       0.5044978      -0.0000030
C                  0.3723701       0.4217123      -0.0000169
C                  0.4293271       0.3590582       0.0000013
C                  0.5094347       0.3316380      -0.0000021
C                  0.5934101       0.3439309       0.0000189
C                  0.6633835       0.3918496      -0.0000084
C                  0.6974352       0.4690895       0.1480634
C                  0.6825176       0.5524681      -0.0000389
C                  0.6347930       0.6229390       0.1481107
C                  0.5682329       0.6760967       0.0000304
C                  0.4951861       0.7158756      -0.0000047
C                  0.6285963       0.4862156       0.0248333
C                  0.5937068       0.5618975       0.0248909
C                  0.5293555       0.6169883       0.0246585
C                  0.4458624       0.6224987       0.0247033
C                  0.3793299       0.5710741       0.0246979
C                  0.3550782       0.4902393       0.0246893
C                  0.3795000       0.4093418       0.0246583
C                  0.4415520       0.3517177       0.0246866
C                  0.5236800       0.3310428       0.0246845
C                  0.6065285       0.3495562       0.0246888
C                  0.6721474       0.4031152       0.0246667
C                  0.6980512       0.4833624       0.0246382
C                  0.6763143       0.5653122       0.0246424
C                  0.6247169       0.6330067       0.0247256
C                  0.5560930       0.6832326       0.0249225
C                  0.4807587       0.7230145       0.0236949
C                  0.6208741       0.5130163       0.0249476
C                  0.5754303       0.5837523       0.0247744
C                  0.5022889       0.6258608       0.0246851
C                  0.4200127       0.6105250       0.0247031
C                  0.3659311       0.5459195       0.0246787
C                  0.3580664       0.4618988       0.0246862
C                  0.3968294       0.3867316       0.0246646
C                  0.4676432       0.3402704       0.0246829
C                  0.5520945       0.3331165       0.0246950
C                  0.6312720       0.3636881       0.0246697
C                  0.6862992       0.4278708       0.0246582
C                  0.6953189       0.5117439       0.0246309
C                  0.6616680       0.5897535       0.0246665
C                  0.6031841       0.6516922       0.0247597
C                  0.5312484       0.6969462       0.0250520
C                  0.4565912       0.7350555       0.0127215
C                  0.6160966       0.4443375       0.0277331
C                  0.6128874       0.5234474       0.0498805
C                  0.5648109       0.5935008       0.0493500
C                  0.4881274       0.6277316       0.0493667
C                  0.4082675       0.6024197       0.0493843
C                  0.3611382       0.5324718       0.0493586
C                  0.3615755       0.4480561       0.0493600
C                  0.4068642       0.3766028       0.0493514
C                  0.4813261       0.3362370       0.0493612
C                  0.5661118       0.3357571       0.0493765
C                  0.6426562       0.3722496       0.0493589
C                  0.6911805       0.4412745       0.0493385
C                  0.6919704       0.5256079       0.0493018
C                  0.6532866       0.6012429       0.0493464
C                  0.5918124       0.6601951       0.0494586
C                  0.5176622       0.7037803       0.0491943
C                  0.6225442       0.4665195       0.0456519
C                  0.6004808       0.5491958       0.0496816
C                  0.5418911       0.6103137       0.0493440
C                  0.4596870       0.6260463       0.0493791
C                  0.3878338       0.5825521       0.0493762
C                  0.3556991       0.5044994       0.0493665
C                  0.3723544       0.4216766       0.0493462
C                  0.4292913       0.3590333       0.0493592
C                  0.5094418       0.3316449       0.0493687
C                  0.5933902       0.3439853       0.0493692
C                  0.6631612       0.3920290       0.0493495
C                  0.6970674       0.4691489       0.0493232
C                  0.6824121       0.5524461       0.0493101
C                  0.6347796       0.6229011       0.0493692
C                  0.5680545       0.6759835       0.0495256
C                  0.4918417       0.7169333       0.0485311
C                  0.6200427       0.4777683       0.0740242
C                  0.5923599       0.5612209       0.0740426
C                  0.5292718       0.6168998       0.0740476
C                  0.4458727       0.6224837       0.0740738
C                  0.3792727       0.5711073       0.0740502
C                  0.3551436       0.4902410       0.0740523
C                  0.3794968       0.4093299       0.0740332
C                  0.4415493       0.3517210       0.0740353
C                  0.5236832       0.3310591       0.0740578
C                  0.6064921       0.3496033       0.0740524
C                  0.6719000       0.4032646       0.0740421
C                  0.6977034       0.4833728       0.0740130
C                  0.6762115       0.5652570       0.0740102
C                  0.6247202       0.6329445       0.0740708
C                  0.5553845       0.6833496       0.0740764
C                  0.4782414       0.7230935       0.0740285
C                  0.6159972       0.5074385       0.0740347
C                  0.5748672       0.5835396       0.0740512
C                  0.5022500       0.6257729       0.0740585
C                  0.4199937       0.6105718       0.0740748
C                  0.3658842       0.5459505       0.0740367
C                  0.3580748       0.4618957       0.0740398
C                  0.3968318       0.3867290       0.0740392
C                  0.4676388       0.3402750       0.0740370
C                  0.5520967       0.3331550       0.0740632
C                  0.6312095       0.3637553       0.0740453
C                  0.6860003       0.4280085       0.0740340
C                  0.6950765       0.5117266       0.0740006
C                  0.6615979       0.5896866       0.0740331
C                  0.6032036       0.6515564       0.0740823
C                  0.5302074       0.6970962       0.0740639
C                  0.4535475       0.7336161       0.0739169
C                  0.6160301       0.4443736       0.1203065
C                  0.6128590       0.5234430       0.0981964
C                  0.5647918       0.5934754       0.0987583
C                  0.4881391       0.6277007       0.0987615
C                  0.4082405       0.6024393       0.0987534
C                  0.3611294       0.5324965       0.0987281
C                  0.3615692       0.4480597       0.0987186
C                  0.4068953       0.3766156       0.0987229
C                  0.4813152       0.3362566       0.0987266
C                  0.5661219       0.3357667       0.0987417
C                  0.6426568       0.3722402       0.0987361
C                  0.6911818       0.4412749       0.0987248
C                  0.6919694       0.5256084       0.0987001
C                  0.6532905       0.6012436       0.0987353
C                  0.5918136       0.6601952       0.0987045
C                  0.5176525       0.7038047       0.0989172
C                  0.6225174       0.4665184       0.1024112
C                  0.6004382       0.5491796       0.0984067
C                  0.5418982       0.6103217       0.0987531
C                  0.4597045       0.6260345       0.0987574
C                  0.3878161       0.5825554       0.0987389
C                  0.3557784       0.5045072       0.0987349
C                  0.3723574       0.4216883       0.0987101
C                  0.4293313       0.3590639       0.0987205
C                  0.5094325       0.3316518       0.0987353
C                  0.5933952       0.3439900       0.0987421
C                  0.6631649       0.3920249       0.0987342
C                  0.6970675       0.4691465       0.0987093
C                  0.6824058       0.5524453       0.0987028
C                  0.6347852       0.6229041       0.0987622
C                  0.5680536       0.6759799       0.0986291
C                  0.4918123       0.7169589       0.0995523
C                  0.6285848       0.4862180       0.1232367
C                  0.5936679       0.5618740       0.1232035
C                  0.5293630       0.6170030       0.1234403
C                  0.4458710       0.6225056       0.1234309
C                  0.3792851       0.5711084       0.1234179
C                  0.3551217       0.4902340       0.1234054
C                  0.3794973       0.4093430       0.1233939
C                  0.4415647       0.3517502       0.1234078
C                  0.5236920       0.3310474       0.1234133
C                  0.6065202       0.3495517       0.1234280
C                  0.6721557       0.4031166       0.1234137
C                  0.6980564       0.4833588       0.1233889
C                  0.6763112       0.5653124       0.1233778
C                  0.6247218       0.6330089       0.1234157
C                  0.5560911       0.6832366       0.1232205
C                  0.4807294       0.7230305       0.1243951
C                  0.6208822       0.5130239       0.1231204
C                  0.5754060       0.5837313       0.1233372
C                  0.5022897       0.6258465       0.1234456
C                  0.4199988       0.6105606       0.1234263
C                  0.3658584       0.5459672       0.1234095
C                  0.3580545       0.4618892       0.1234000
C                  0.3968359       0.3867325       0.1233988
C                  0.4676407       0.3402941       0.1234055
C                  0.5521102       0.3331219       0.1234248
C                  0.6312660       0.3636755       0.1234242
C                  0.6863054       0.4278754       0.1234095
C                  0.6953204       0.5117400       0.1233696
C                  0.6616707       0.5897572       0.1234029
C                  0.6031880       0.6516927       0.1234024
C                  0.5312486       0.6969642       0.1230617
C                  0.4565780       0.7350735       0.1354232
