ATOMIC_POSITIONS (angstrom)
C            29.7673560035       21.1216385046        0.0092177221
C            28.4898735361       25.1397277964        0.0092318251
C            26.2914460880       28.8257366406        0.0105539031
C            22.7414616008       31.0478521355        0.0114798928
C            18.7782195993       29.8408951563        0.0104977641
C            17.0183924992       26.0395299531        0.0084564639
C            17.8745770194       21.8987397455        0.0073858702
C            20.6124484803       18.6583236499        0.0073190383
C            24.4797612723       16.9076144355        0.0092233265
C            28.7171865188       17.0286894279        0.0101538421
C            32.3443294097       19.1845873413        0.0102754021
C            34.4972322280       22.8494455337        0.0094994534
C            35.4395679487       27.0064809408        0.0083528959
C            34.8840176861       31.2039054407        0.0083249851
C            32.0040876130       34.2354820552        0.0051127154
C            27.8782380784       35.3892566379        0.0183403447
C            29.5476641738       22.4406461157        0.0075765094
C            27.8514695258       26.4224526693        0.0097697621
C            25.2907530637       29.8383621934        0.0113657354
C            21.3158209162       31.0645979273        0.0108738634
C            17.8763552337       28.7371599363        0.0100674749
C            17.0452500887       24.6147873124        0.0075697672
C            18.6156703643       20.6815505646        0.0075400548
C            21.8117674843       17.8886832825        0.0076953304
C            25.8931399339       16.7263982992        0.0096236262
C            30.0528179145       17.5217671665        0.0105696304
C            33.2241144464       20.3050412526        0.0099328422
C            34.9351433967       24.2052180621        0.0089675643
C            35.4634889503       28.4300257888        0.0081623063
C            34.1838505439       32.4426280310        0.0085275367
C            30.6839254628       34.7717125268        0.0022645964
C            26.4405442589       35.5625290767        0.0510852621
C            29.3566430540       23.1645427238        1.2846270581
C            27.4897244316       27.0561280479        1.2379660392
C            24.7159263737       30.2572259531        1.2458723794
C            20.6185546402       30.9082568270        1.2445272680
C            17.5425381774       28.1057011205        1.2438773318
C            17.1616934917       23.9106514773        1.2414605315
C            19.0560091504       20.1201561169        1.2415837514
C            22.4501177002       17.5705988835        1.2420081555
C            26.6063181487       16.7180255441        1.2438408138
C            30.6832168039       17.8525903793        1.2439695854
C            33.5975210273       20.9115597521        1.2440662828
C            35.1100924905       24.8961673640        1.2433242684
C            35.4073514399       29.1404499933        1.2429790378
C            33.7262019979       32.9900652606        1.2422748905
C            30.0175815006       34.9853280583        1.2332312033
C            25.8134565649       35.6647141496        1.2904721234
C            28.7910465680       24.4969409856        1.2524128740
C            26.7174883175       28.2532908533        1.2414413203
C            23.4334797358       30.8765669497        1.2457937710
C            19.3371698223       30.2858878569        1.2445153932
C            17.1159300564       26.7466838819        1.2427888976
C            17.5802664121       22.5489291374        1.2413859604
C            20.0575798597       19.1067311498        1.2413055809
C            23.7873317509       17.0780747530        1.2431142470
C            28.0229417365       16.8684782043        1.2440017261
C            31.8359418671       18.6869437000        1.2437152814
C            34.2322261010       22.1871447334        1.2436296332
C            35.3647738791       26.2974526598        1.2429903521
C            35.1245352512       30.5349404389        1.2434125601
C            32.6242694756       33.8918781608        1.2411668044
C            28.6324250427       35.2959940656        1.2260620219
C            24.4676226882       35.7646753290        1.8446762019
C            30.0925149994       21.3253325120        3.0745769023
C            28.4838257550       25.1901221139        2.4603073928
C            26.2758380679       28.8058216101        2.4767532093
C            22.7400419866       31.0458157638        2.4802193405
C            18.7783990034       29.8398833633        2.4791479070
C            17.0190730860       26.0392080338        2.4769415631
C            17.8748286684       21.8986477157        2.4755114401
C            20.6124841403       18.6584237558        2.4754613132
C            24.4800270939       16.9080796391        2.4774617799
C            28.7179365516       17.0282717888        2.4782654180
C            32.3469687583       19.1812914529        2.4790328558
C            34.4981297263       22.8485940362        2.4776842193
C            35.4383764983       27.0061816534        2.4765893288
C            34.8878117784       31.2072374256        2.4764009613
C            32.0063073800       34.2432350017        2.4765276517
C            27.9799370784       35.4214042604        2.4769804449
C            29.6374030457       22.5972670703        2.5248916922
C            27.8264444943       26.4451327169        2.4676024400
C            25.2824118553       29.8230651315        2.4789904036
C            21.3161467136       31.0634625347        2.4793750380
C            17.8769751691       28.7370367735        2.4786340914
C            17.0455999889       24.6149813053        2.4760618086
C            18.6155157828       20.6815964911        2.4756636224
C            21.8113433743       17.8882715710        2.4759056786
C            25.8931452570       16.7263107157        2.4777560206
C            30.0551561351       17.5183916231        2.4785840671
C            33.2250451252       20.3048151141        2.4786616749
C            34.9357983663       24.2044353826        2.4770559903
C            35.4637110006       28.4304280618        2.4765390497
C            34.1863256009       32.4471548564        2.4762888311
C            30.6933742505       34.7889525608        2.4771451019
C            26.6166244827       35.6049496348        2.4767319201
C            29.3614814801       23.3531577315        3.7105514698
C            27.4802231123       27.0554309384        3.7122023035
C            24.7149254159       30.2524863819        3.7136397068
C            20.6185964226       30.9093754954        3.7131920965
C            17.5416072541       28.1064923924        3.7123906294
C            17.1611959970       23.9103050259        3.7098152168
C            19.0558241629       20.1202432663        3.7097480874
C            22.4497831272       17.5702746308        3.7102737740
C            26.6064316870       16.7169841136        3.7120267937
C            30.6884970583       17.8447071274        3.7129214470
C            33.6003540511       20.9105745956        3.7123981881
C            35.1097519238       24.8959700905        3.7108182957
C            35.4076171359       29.1409161706        3.7099943769
C            33.7262855415       32.9880962993        3.7107911957
C            30.0167327996       34.9842966664        3.7209269794
C            25.8140379201       35.6635482875        3.6633415031
C            28.7903079541       24.6029047327        3.7114288407
C            26.7053872546       28.2417795269        3.7124676047
C            23.4334537957       30.8749116545        3.7139704426
C            19.3365372156       30.2864462369        3.7130857920
C            17.1150444563       26.7466015080        3.7112334465
C            17.5798933773       22.5482995069        3.7096889438
C            20.0576725628       19.1068259311        3.7095303367
C            23.7873170499       17.0784173044        3.7113496531
C            28.0234339779       16.8674013164        3.7122982299
C            31.8459185355       18.6749757054        3.7129584653
C            34.2336727093       22.1867048958        3.7120480859
C            35.3636128405       26.2973345974        3.7103997958
C            35.1289204629       30.5368124198        3.7098398194
C            32.6211183740       33.8864339001        3.7121107065
C            28.6318971406       35.2953173686        3.7281163879
C            24.4688362107       35.7639248329        3.1083811384
C            30.0923303065       21.3246854516        4.3461740407
C            28.4936940059       25.1953696501        4.9626862193
C            26.2849047692       28.8137531401        4.9477573083
C            22.7406295313       31.0463384521        4.9475479363
C            18.7786341974       29.8400772587        4.9466167004
C            17.0190426476       26.0390078911        4.9447512669
C            17.8749069637       21.8985234962        4.9436201365
C            20.6124413138       18.6584924602        4.9435760926
C            24.4800450775       16.9082172378        4.9454215838
C            28.7174796355       17.0287388768        4.9463064016
C            32.3464233947       19.1815691158        4.9462721531
C            34.4982648428       22.8491562223        4.9457990640
C            35.4388936394       27.0062460567        4.9444679294
C            34.8940465680       31.2087077355        4.9444684422
C            32.0022033060       34.2330497129        4.9478862343
C            27.8781428538       35.3886259506        4.9359069908
C            29.6395548896       22.5977983762        4.8957168008
C            27.8383445591       26.4523674440        4.9561087186
C            25.2875724328       29.8291502914        4.9476184189
C            21.3165861772       31.0634314110        4.9469043910
C            17.8771508263       28.7372336196        4.9462891700
C            17.0458503669       24.6147768524        4.9437771395
C            18.6158650714       20.6816390835        4.9438426253
C            21.8114083564       17.8884446990        4.9439292034
C            25.8932744960       16.7262135063        4.9457911324
C            30.0550237682       17.5185103101        4.9467699549
C            33.2246568861       20.3052997164        4.9459970298
C            34.9356493016       24.2050482635        4.9453079140
C            35.4639313484       28.4298292195        4.9442926425
C            34.1919209691       32.4467778600        4.9441854065
C            30.6830555027       34.7710334182        4.9514004618
C            26.4406951921       35.5616500396        4.9031043974
C            29.3594329612       23.1658171383        6.1358274180
C            27.4995860619       27.0628128849        6.1865463805
C            24.7183089589       30.2603902155        6.1815901507
C            20.6189600108       30.9083315237        6.1816133440
C            17.5423697143       28.1058102173        6.1805885477
C            17.1616870108       23.9103267397        6.1781377566
C            19.0560302537       20.1201080854        6.1780922122
C            22.4501316013       17.5705611506        6.1784237739
C            26.6063719317       16.7177915084        6.1801843298
C            30.6831928088       17.8523743294        6.1816587269
C            33.5976301614       20.9122087554        6.1803579676
C            35.1100984028       24.8963932616        6.1793086519
C            35.4076767673       29.1394943098        6.1783886696
C            33.7289863163       32.9853604539        6.1780511892
C            29.9787594731       34.9654596114        6.1793871262
C            25.6958748545       35.5739731332        6.1794160731
C            28.7974670018       24.4999484575        6.1701541064
C            26.7263326102       28.2602206894        6.1835293114
C            23.4343050768       30.8774924282        6.1820886188
C            19.3374913131       30.2860971825        6.1815921474
C            17.1156189367       26.7467747281        6.1793829592
C            17.5800299076       22.5485254885        6.1780265280
C            20.0573918294       19.1065485063        6.1778256739
C            23.7872861505       17.0780757629        6.1794835424
C            28.0227317548       16.8687253057        6.1805841563
C            31.8355224493       18.6868218340        6.1817384773
C            34.2326141228       22.1876260608        6.1800663973
C            35.3653717833       26.2979914012        6.1788303275
C            35.1269419170       30.5360173163        6.1781811384
C            32.6221438766       33.8795888380        6.1784320321
C            28.5769167909       35.2628960175        6.1793175458
C            24.3585026301       35.5270439980        6.1783231199
Al           30.5791201247       30.0178542062        3.3479223179
Cl           31.5575144740       30.5908723485        1.5195529325
Cl           31.5300598383       30.6500382348        5.1706102160
Cl           30.6338619546       27.8528723720        3.3850375233
Cl           28.6324997669       30.9771834278        3.3248008205
End final coordinates


