ATOMIC_POSITIONS (angstrom)
C            29.2114887850       21.1769288987        6.7817488863
C            28.2156777710       25.2501960804       -0.0097054665
C            26.5621455742       29.1519254099        7.3786587417
C            23.0776214779       31.4574511457        7.3776865329
C            19.1010074949       30.2934239950        7.3769377160
C            17.2820122436       26.5155240127        7.3791090935
C            18.0106700281       22.3486660040        7.3816537456
C            20.6535491261       19.0342056650        7.3814176130
C            24.4979386181       17.2488278571        7.3800523531
C            28.7361545431       17.3972012626        7.3793032244
C            32.4537234583       19.4235326764        7.3787620109
C            35.0463610082       22.7976025362        7.3776301784
C            36.2379471308       26.8662200959        7.3798067654
C            34.7815463397       30.7723792360       -0.0247063167
C            31.1825059909       33.0036341100       -0.0239807668
C            27.1202914236       34.0962603771       -0.0234152054
C            28.9158166457       22.4984072525        7.3298827476
C            27.7965836479       26.6063397081       -0.0170518692
C            25.6143955622       30.2178492936        7.3782617836
C            21.6540170180       31.4855173161        7.3772482689
C            18.1872581450       29.1999650563        7.3775975754
C            17.2718959410       25.0910412277        7.3799827541
C            18.7127006666       21.1091454999        7.3821463697
C            21.8359400144       18.2399661815        7.3805362767
C            25.9128470228       17.0828834920        7.3800411806
C            30.0801090537       17.8695405616        7.3789071027
C            33.4479657467       20.4435889131        7.3781937666
C            35.6411922891       24.0922571895        7.3782101138
C            36.1068857435       28.2848202851        7.3802844671
C            33.7080244312       31.7081624461       -0.0244011149
C            29.8301977909       33.4424028699       -0.0241544651
C            25.7783202302       34.3956093210       -0.0222947805
C            28.7578260418       23.1103475054        1.1657751317
C            27.5514786772       27.2612860453        1.2143038527
C            25.0494733309       30.6578458143        1.2070074479
C            20.9545198402       31.3393432368        1.2073324294
C            17.8440713430       28.5728063637        1.2077322025
C            17.3653117042       24.3833095430        1.2098339189
C            19.1373153685       20.5361570240        1.2116724617
C            22.4697872390       17.9132228174        1.2098465936
C            26.6261419785       17.0816508182        1.2093235031
C            30.7164905470       18.1854592669        1.2092063680
C            33.8950736057       20.9988217389        1.2074532617
C            35.8743945988       24.7653649993        1.2080281741
C            35.8987949199       28.9652238569        1.2100186244
C            33.1152618888       32.0998673848        1.2106193408
C            29.1494292120       33.6218084019        1.2202874703
C            24.9915332895       34.5699460591        1.1631053728
C            28.4035670084       24.5146827473        1.1992191063
C            26.9408222690       28.5501748815        1.2105394499
C            23.7701717663       31.2855667047        1.2074613473
C            19.6644567806       30.7341219350        1.2069417518
C            17.3938364456       27.2210093881        1.2086171729
C            17.7375640137       23.0081918043        1.2108402284
C            20.1103936470       19.4960458284        1.2111976105
C            23.8044086884       17.4149238093        1.2095583594
C            28.0424566467       17.2377034283        1.2092984430
C            31.9045911545       18.9700748609        1.2084963716
C            34.6948617729       22.1777025388        1.2072520241
C            36.1810432329       26.1560809610        1.2090689981
C            35.2299253498       30.2213669228        1.2098054311
C            31.8438322331       32.7429992168        1.2118711321
C            27.7675953462       33.9489259100        1.2277781632
C            23.6729980415       34.8623158173        0.6112349732
C            29.1689720994       21.0672412014        2.4478299746
C            28.1925385348       25.1918545811        2.4426429644
C            26.5509958839       29.1501649036        2.4413934417
C            23.0778120110       31.4586324977        2.4415730935
C            19.1005614424       30.2948717295        2.4408555304
C            17.2820203274       26.5156568679        2.4429635720
C            18.0106635420       22.3491760298        2.4452522735
C            20.6530863666       19.0333388752        2.4451438477
C            24.4977019214       17.2481163336        2.4435906595
C            28.7377562114       17.3935791006        2.4430880143
C            32.4499435586       19.4278470311        2.4422224978
C            35.0455468925       22.7977488478        2.4418247385
C            36.2362399268       26.8663891000        2.4442148319
C            34.7857177772       30.7772249286        2.4445271458
C            31.1833869164       33.0029151763        2.4479497801
C            27.0234421796       34.1075812532        2.4360160822
C            28.9058264463       22.3780721089        2.4423020014
C            27.7799174496       26.5655649503        2.4421687342
C            25.6100073834       30.2202062396        2.4412077441
C            21.6527095165       31.4887331199        2.4412778290
C            18.1870790264       29.1999557538        2.4414241974
C            17.2709434846       25.0905854347        2.4438185600
C            18.7135836310       21.1099778484        2.4458106932
C            21.8360596615       18.2397922044        2.4442743053
C            25.9129235184       17.0819584591        2.4434151662
C            30.0803949315       17.8670132576        2.4427652008
C            33.4465494036       20.4453869216        2.4419124597
C            35.6391552807       24.0924786792        2.4423526737
C            36.1025223295       28.2834366641        2.4450896307
C            33.7164469869       31.7167053350        2.4442540285
C            29.8243685096       33.4357490480        2.4510274679
C            25.6080284393       34.4205810601        2.4044362502
C            28.7282465069       23.1033366620        3.7190315483
C            27.5193541845       27.2476918362        3.6685723836
C            25.0468557660       30.6569270832        3.6754942790
C            20.9541925584       31.3410838253        3.6749266233
C            17.8443001011       28.5727856283        3.6753790847
C            17.3659138604       24.3832273265        3.6778559381
C            19.1369122070       20.5358574328        3.6796316383
C            22.4697473269       17.9130315714        3.6780503404
C            26.6260882947       17.0822982105        3.6771401318
C            30.7168911435       18.1855924125        3.6758290547
C            33.8950828453       20.9989211191        3.6759365876
C            35.8720376595       24.7656169947        3.6765777038
C            35.9043063819       28.9677968000        3.6785920197
C            33.1203401012       32.1027010774        3.6782609199
C            29.1142619520       33.6185628657        3.6783543185
C            24.8735028317       34.5482879352        3.6801738783
C            28.3579539423       24.5016223472        3.6841402808
C            26.9207012114       28.5397193047        3.6716659328
C            23.7685384860       31.2829909556        3.6758212927
C            19.6651152771       30.7339969206        3.6745691059
C            17.3935780344       27.2212971579        3.6763431073
C            17.7387149472       23.0084440453        3.6789110392
C            20.1093369953       19.4949533876        3.6791898745
C            23.8044528701       17.4152914414        3.6775988380
C            28.0419770359       17.2388155380        3.6768617499
C            31.9052859900       18.9692077193        3.6759984317
C            34.6944686612       22.1779232147        3.6758094255
C            36.1781564701       26.1567001291        3.6776965228
C            35.2371664124       30.2267736113        3.6782953000
C            31.8476438077       32.7393933641        3.6784780627
C            27.7182085391       33.9494833078        3.6786133694
C            23.5417101502       34.7043688133        3.6843526255
C            29.2107654211       21.1806900727        5.5117945909
C            28.1702428772       25.2365945700        4.8926570611
C            26.5495853875       29.1445181871        4.9079222923
C            23.0774099920       31.4592687457        4.9108471224
C            19.1012305472       30.2933923659        4.9093134706
C            17.2820974696       26.5154645873        4.9111072688
C            18.0110191275       22.3489571395        4.9135976341
C            20.6527748893       19.0331539809        4.9133225195
C            24.4980099757       17.2493576082        4.9117962389
C            28.7358279362       17.3981545041        4.9114129333
C            32.4545301069       19.4222285367        4.9103855518
C            35.0447690415       22.7983815567        4.9099055817
C            36.2354839370       26.8673009920        4.9117366309
C            34.7867627357       30.7761943862        4.9129037198
C            31.1818255286       32.9992897821        4.9089940605
C            27.0241856910       34.1099095332        4.9217920460
C            28.8961671130       22.4947561824        4.9593013225
C            27.7582940877       26.5911635981        4.8994536700
C            25.6102311015       30.2152832974        4.9098637176
C            21.6535013455       31.4888840376        4.9099931959
C            18.1877999247       29.1997271516        4.9099056865
C            17.2722651318       25.0908590842        4.9120381678
C            18.7122301782       21.1090225267        4.9139667218
C            21.8358677440       18.2397963124        4.9125855453
C            25.9129754497       17.0830763832        4.9115728303
C            30.0802665852       17.8699557060        4.9111675773
C            33.4479708276       20.4433018598        4.9099888126
C            35.6386616421       24.0929123867        4.9105522675
C            36.1077215959       28.2856245229        4.9122274201
C            33.7126387232       31.7108000018        4.9127780933
C            29.8240174593       33.4341605481        4.9056431051
C            25.6094933550       34.4222698807        4.9549997849
C            28.7228242485       23.2783196922        6.1444808649
C            27.5405539774       27.2604084118        6.1430687021
C            25.0503314979       30.6562910319        6.1442517566
C            20.9543961160       31.3408706571        6.1432391120
C            17.8437660011       28.5732467718        6.1437855979
C            17.3665429744       24.3836056964        6.1461325614
C            19.1361473769       20.5355219543        6.1477980889
C            22.4696855915       17.9128194307        6.1461597436
C            26.6254175782       17.0820668320        6.1454874774
C            30.7207028281       18.1806586550        6.1446630745
C            33.8957538272       20.9977406454        6.1437236015
C            35.8750881287       24.7656447297        6.1444861637
C            35.9109934248       28.9703671833        6.1468872540
C            33.1121489984       32.0958150379        6.1455826489
C            29.1492192682       33.6211641532        6.1359233117
C            24.9931236909       34.5702199530        6.1966748633
C            28.3751486214       24.6073097749        6.1438551302
C            26.9348214246       28.5460610089        6.1429327858
C            23.7706659974       31.2852998179        6.1442341611
C            19.6639460869       30.7342509330        6.1429018135
C            17.3934964478       27.2208766149        6.1446045006
C            17.7383685080       23.0081487897        6.1472663755
C            20.1102226725       19.4960111347        6.1473460844
C            23.8045354042       17.4149064828        6.1457666276
C            28.0414049345       17.2395564888        6.1452370506
C            31.9111934379       18.9626273484        6.1444482290
C            34.6942634407       22.1775869850        6.1434098850
C            36.1810681461       26.1563399793        6.1455869890
C            35.2392662895       30.2258117258        6.1468228824
C            31.8418762423       32.7397857095        6.1443670323
C            27.7680248991       33.9503014254        6.1294036715
C            23.6736148327       34.8574772364        6.7471291338
Al           31.8045761845       27.6089419247        4.5071625800
Cl           32.7952711077       28.1081676792        2.6636493861
Cl           32.9305926473       27.8203918768        6.3269521023
Cl           31.3677819704       25.4930318707        4.3587748685
Cl           30.1630636882       29.0219486327        4.6870903285
End final coordinates



     Writing all to output data dir /home/lruiz/pergaminos/config3/ns.save/

     init_run     :    232.67s CPU    237.77s WALL (       1 calls)
     electrons    :  20335.76s CPU  21275.21s WALL (      20 calls)
     update_pot   :   2941.94s CPU   2952.99s WALL (      19 calls)
     forces       :   3877.40s CPU   3919.11s WALL (      20 calls)
     force_dftd3  :     35.61s CPU     46.29s WALL (      20 calls)

     Called by init_run:
     wfcinit      :     47.22s CPU     49.09s WALL (       1 calls)
